chandra_aca/tests/data/aimpoint_regression_data.ecsv
# %ECSV 1.0
# ---
# datatype:
# - {name: aca_dec, datatype: float64}
# - {name: aca_offset_y, datatype: float64}
# - {name: aca_offset_z, datatype: float64}
# - {name: aca_ra, datatype: float64}
# - {name: aca_roll, datatype: float64}
# - {name: chip_id, datatype: int64}
# - {name: chipx, datatype: float64}
# - {name: chipy, datatype: float64}
# - {name: detector, datatype: string}
# - {name: dr, datatype: float64}
# - {name: dx, datatype: float64}
# - {name: dy, datatype: float64}
# - {name: mean_date, datatype: string}
# - {name: mean_t_ccd, datatype: float64}
# - {name: obs_chipx, datatype: float64}
# - {name: obs_chipy, datatype: float64}
# - {name: obsid, datatype: int64}
# - {name: sim_z, datatype: float64}
# - {name: sim_z_off, datatype: float64}
# - {name: target_dec, datatype: float64}
# - {name: target_offset_y, datatype: float64}
# - {name: target_offset_z, datatype: float64}
# - {name: target_ra, datatype: float64}
# - {name: target_roll, datatype: float64}
# schema: astropy-2.0
aca_dec aca_offset_y aca_offset_z aca_ra aca_roll chip_id chipx chipy detector dr dx dy mean_date mean_t_ccd obs_chipx obs_chipy obsid sim_z sim_z_off target_dec target_offset_y target_offset_z target_ra target_roll
34.160086 -7.77 -18.87 84.074467 240.0003 3 970.0 975.0 ACIS-I 0.77 0.38 -0.67 2019:001:02:27:50.816 -10.03 969.22 976.36 22032 -233.587434461 0.0 34.14 0.0 0.0 84.075 240.0
-12.02966 4.95 -19.94 97.515608 352.757411 7 210.0 520.0 ACIS-S 1.71 1.11 1.3 2019:002:05:28:42.816 -9.7 207.75 517.47 21445 -190.142580365 0.05 -12.022222 0.0 0.0 97.537917 352.762058
-54.648561 1.17 -15.99 0.404521 258.989754 0 7590.0 7745.0 HRC-I 1.17 0.96 -0.66 2019:021:19:53:06.816 -11.75 7582.69 7750.03 21717 126.98297999 0.0 -54.67 0.0 0.0 0.417083 259.0
-69.249784 -1.94 -17.69 83.843007 262.977874 2 2195.0 8915.0 HRC-S 1.48 0.06 -1.48 2019:078:13:18:46.816 -10.67 2194.55 8926.21 21303 250.46603308 -0.0 -69.26975 0.0 0.0 83.866667 263.0
-5.03607 -3.2 -17.1 96.962943 341.766549 3 970.0 975.0 ACIS-I 0.21 -0.2 -0.05 2020:006:09:45:38.816 -10.92 970.41 975.11 22895 -233.587434461 0.0 -5.031472 0.0 0.0 96.983958 341.768392
-2.164788 3.48 -20.98 335.951787 296.169313 7 210.0 520.0 ACIS-S 2.25 0.86 2.08 2020:001:00:01:06.816 -9.03 208.24 515.78 21507 -190.14006605 -0.0 -2.178667 0.0 0.0 335.969583 296.169986
5.215619 -8.37 -20.81 114.80178 339.562135 0 7590.0 7745.0 HRC-I 2.57 2.23 -1.28 2020:019:15:14:14.816 -9.0 7573.09 7754.71 21579 126.98297999 0.0 5.218944 0.0 0.0 114.82125 339.560364
32.837213 -8.47 -21.06 122.245746 212.553259 2 2195.0 8915.0 HRC-S 3.54 0.06 -3.54 2020:030:08:29:22.816 -8.73 2194.56 8941.85 23137 250.46603308 -0.0 32.819801 0.0 0.0 122.235001 212.559084
-41.278512 -7.95 -19.67 131.170759 28.107706 3 970.0 975.0 ACIS-I 0.43 0.02 -0.43 2021:002:05:03:34.816 -9.41 969.96 975.87 22689 -233.587434461 0.0 -41.261444 0.0 0.0 131.184458 28.116742
29.35354 -3.7 -24.7 106.63319 159.988634 7 210.0 520.0 ACIS-S 2.38 2.15 1.01 2021:001:03:05:34.816 -6.89 205.63 517.95 23834 -190.14006605 -0.0 29.351528 0.0 0.0 106.61 160.0
0.545488 -8.75 -21.33 214.160375 72.999958 0 7590.0 7745.0 HRC-I 0.7 -0.36 -0.6 2021:006:01:15:50.816 -8.62 7593.0 7749.87 23745 126.985494305 -0.05 0.5645 0.0 0.0 214.156 73.0
-64.016866 -7.68 -21.03 136.976298 28.624714 2 2195.0 8915.0 HRC-S 2.0 1.89 0.64 2021:005:00:01:34.816 -8.67 2180.62 8910.18 24883 250.46603308 -0.0 -64.0 0.0 0.0 137.0 28.646018
-35.307859 -13.08 -22.43 157.523683 44.996864 3 970.0 975.0 ACIS-I 3.98 -0.89 3.88 2022:003:13:55:10.816 -7.8 971.81 967.11 24731 -233.587434461 0.0 -35.290085 0.0 0.0 157.52911 45.0
19.169933 -3.75 -25.08 193.291798 67.361346 7 210.0 520.0 ACIS-S 0.34 -0.32 -0.11 2022:001:00:16:58.816 -6.59 210.65 520.32 26247 -190.142580365 0.05 19.190164 0.0 0.0 193.29075 67.361689
1.789001 3.53 -15.96 226.335288 62.999976 0 7590.0 7745.0 HRC-I 2.74 2.66 -0.67 2022:013:00:41:42.816 -11.51 7569.81 7750.11 26090 126.98297999 0.0 1.8122 0.0 0.0 226.3345 63.0
-17.564232 7.27 -14.4 343.507168 284.24413 2 2195.0 8915.0 HRC-S 0.44 -0.44 -0.02 2022:010:11:33:34.816 -12.25 2198.36 8915.13 24714 250.46603308 -0.0 -17.582056 0.0 0.0 343.524542 284.249374
